1453132356.600000 34.0342694493 108.755911045 587.800293
1453132357.960000 34.0344383177 108.755909682 587.673778
1453132358.520000 34.0345050891 108.755905295 587.568409
1453132359.160000 34.0345823584 108.755898876 587.587611
1453132359.560000 34.0346306268 108.755897244 587.612678
1453132360.200000 34.0347072511 108.755895617 587.583863
1453132360.840000 34.0347838932 108.755894644 587.438686
1453132361.400000 34.034850341 108.755894968 587.336082
1453132362.040000 34.0349259665 108.755895105 587.321752
1453132362.600000 34.0349939502 108.755895669 587.300844
1453132363.160000 34.0350612885 108.755896463 587.323285
1453132363.720000 34.0351295704 108.755895922 587.301819
1453132364.280000 34.0351972108 108.75589547 587.372351
1453132364.840000 34.0352654922 108.755893457 587.384214
1453132365.480000 34.0353438263 108.755889651 587.441598
1453132366.360000 34.0354513461 108.755882747 587.483984
1453132367.160000 34.0355485419 108.755871215 587.549042
1453132367.880000 34.0356326538 108.755860899 587.705846
1453132368.520000 34.0357092702 108.755849687 587.778205
1453132369.400000 34.0358125899 108.755839936 587.83467
1453132370.280000 34.0359174818 108.755836712 588.006536
1453132371.000000 34.0360013516 108.755839913 588.162609
1453132371.880000 34.0361035224 108.755849286 588.3736
1453132372.680000 34.0361970567 108.755863503 588.541553
1453132373.400000 34.0362790812 108.755877046 588.622005
1453132374.280000 34.0363788644 108.755896853 588.689791
1453132375.320000 34.0364942182 108.755926005 588.796504
1453132376.200000 34.0365961805 108.755953903 588.899573
1453132376.920000 34.036681539 108.755976341 589.042113
1453132377.560000 34.0367570166 108.75599298 589.202458
1453132378.360000 34.0368498432 108.756013117 589.269964
1453132379.160000 34.036945837 108.756032972 589.240687
1453132380.040000 34.0370526491 108.756054872 589.149061
1453132380.680000 34.0371289426 108.756071448 589.167403
1453132381.320000 34.0372071739 108.756087785 589.266103
1453132381.880000 34.0372756523 108.756100843 589.355808
1453132382.600000 34.0373635545 108.756116382 589.40099
1453132383.320000 34.0374522488 108.756127906 589.301489
1453132384.040000 34.0375423309 108.756135849 589.227829
1453132384.760000 34.0376317659 108.756140939 589.304379
1453132385.560000 34.0377334455 108.756146368 589.376085
1453132386.120000 34.0378053418 108.756149405 589.376147
1453132387.000000 34.0379159249 108.756155568 589.54919
1453132387.800000 34.0380173733 108.756161141 589.67709
1453132388.600000 34.0381214266 108.756167787 589.866391
1453132389.480000 34.0382305843 108.756172389 589.928001
1453132390.360000 34.0383432452 108.756176782 589.974475
1453132391.160000 34.0384437785 108.756178735 590.039667
1453132391.720000 34.0385154652 108.756182287 590.075526
1453132392.520000 34.0386168184 108.756186715 590.3182
1453132393.480000 34.0387373517 108.756196021 590.4976
1453132394.200000 34.0388294195 108.756201432 590.676333
1453132394.840000 34.0389104094 108.756208506 590.873043
1453132395.560000 34.0390011254 108.756220881 591.128747
1453132396.440000 34.0391050658 108.756237282 591.5597
1453132397.320000 34.0391912709 108.756248625 592.291894
1453132398.360000 34.0392590751 108.756267155 592.893977
1453132399.560000 34.0393105152 108.756313277 593.405033
1453132400.760000 34.0393454603 108.756384955 593.587326
1453132401.880000 34.039365173 108.756466666 593.623333
1453132402.920000 34.0393787684 108.756553913 593.499174
1453132403.800000 34.0393944298 108.756635318 593.337957
1453132404.680000 34.0394061218 108.756722336 593.206483
1453132405.800000 34.0394181889 108.756828403 593.231326
1453132407.000000 34.039410957 108.756914476 593.139561
1453132408.440000 34.0393756968 108.756979733 592.556581
1453132409.960000 34.0393130873 108.757018391 592.119695
1453132411.320000 34.0392444721 108.757040376 591.885734
1453132412.680000 34.0391625498 108.757056677 591.763457
1453132413.960000 34.0390637887 108.757066308 591.758087
1453132415.080000 34.0389646754 108.757069417 591.666254
1453132416.280000 34.0388403114 108.75707053 591.324314
1453132417.720000 34.0386735579 108.757066348 590.877471
1453132419.160000 34.0384912529 108.757057105 590.245902
1453132420.520000 34.038311045 108.757041271 589.618084
1453132422.040000 34.0380967835 108.7570142 589.29798
1453132423.720000 34.0378592895 108.756970806 588.73093
1453132425.560000 34.0376004022 108.756914186 588.421717
1453132427.800000 34.037287692 108.756837565 588.05667
1453132429.480000 34.0370551288 108.756786447 588.042448
1453132430.760000 34.0368793926 108.75675447 588.16369
1453132432.040000 34.0366997062 108.756731113 588.131892
1453132433.400000 34.0365077061 108.75671773 588.289912
1453132434.920000 34.0362935147 108.756713666 588.39565
1453132436.200000 34.0361109323 108.756716176 588.538334
1453132437.800000 34.0358836438 108.756722177 588.628412
1453132439.400000 34.0356601144 108.756732869 588.509656
1453132440.760000 34.0354694523 108.756748195 588.416366
1453132442.040000 34.035289225 108.756766846 588.154556
1453132443.160000 34.0351284977 108.756788175 587.910361
1453132444.280000 34.0349709894 108.756818934 587.8487
1453132445.560000 34.0347901724 108.756856446 587.827376
1453132447.000000 34.0345883308 108.756890593 587.834522
1453132448.200000 34.0344183751 108.7569143 587.862987
1453132449.320000 34.0342605139 108.75693043 587.933439
1453132450.280000 34.0341269596 108.756938997 587.950041
1453132451.000000 34.0340262727 108.756943074 587.929166
1453132452.120000 34.0338711954 108.756943897 587.858622
1453132453.480000 34.0336805729 108.756948576 587.899609
1453132454.360000 34.0335571291 108.756956017 587.88628
1453132455.320000 34.0334212719 108.756969319 587.829881
1453132456.200000 34.0332948135 108.756984276 587.761468
1453132457.000000 34.0331796288 108.757003069 587.75775
1453132457.880000 34.0330513762 108.757028597 587.701137
1453132458.680000 34.032933948 108.757050788 587.654005
1453132459.480000 34.0328180812 108.757074987 587.744851
1453132460.120000 34.0327224907 108.757093795 587.896685
1453132461.000000 34.032591161 108.757123821 588.104536
1453132461.720000 34.0324840265 108.757149275 588.154979
1453132462.360000 34.032387121 108.757174358 588.250677
1453132463.080000 34.0322802634 108.757202922 588.384288
1453132463.720000 34.0321856673 108.757229237 588.570595
1453132464.280000 34.032103961 108.757251715 588.802265
1453132464.920000 34.0320087373 108.757277676 588.963642
1453132465.560000 34.0319169663 108.757302041 589.148135
1453132466.200000 34.031822657 108.757325254 589.244614
1453132466.840000 34.0317285171 108.757344993 589.381128
1453132467.480000 34.0316391129 108.757363598 589.498334
1453132468.280000 34.0315249564 108.757380919 589.551418
1453132469.000000 34.0314269797 108.75739581 589.652506
1453132469.720000 34.0313302447 108.75740839 589.696578
1453132470.280000 34.0312547641 108.757420713 589.821721
1453132471.080000 34.0311508544 108.757452326 589.921619
1453132471.880000 34.0310526313 108.757495883 590.033299
1453132472.600000 34.0309694732 108.757545896 590.216864
1453132473.320000 34.0308909812 108.757605767 590.48318
1453132474.040000 34.0308251397 108.757672864 590.583092
1453132474.920000 34.0307493962 108.757764338 590.63627
1453132475.640000 34.0306933105 108.757840176 590.81064
1453132476.360000 34.0306508958 108.757921426 591.001723
1453132477.160000 34.0306209174 108.758004092 591.393358
1453132477.960000 34.030618138 108.758064567 591.711588
1453132479.400000 34.0306513315 108.758137382 591.472063
1453132480.440000 34.0306929191 108.758181728 591.45763
1453132481.560000 34.0307506492 108.758222727 591.335641
1453132482.520000 34.0308151229 108.75825012 590.919246
1453132483.800000 34.0309134582 108.758278619 590.433203
1453132484.760000 34.0309977138 108.758299742 590.028786
1453132486.040000 34.0311194096 108.758336643 589.346197
1453132487.160000 34.0312294397 108.758368878 588.839328
1453132488.200000 34.0313350237 108.758399996 588.572485
1453132489.560000 34.031480929 108.758443798 588.152808
1453132491.000000 34.0316408689 108.75848616 587.696837
1453132492.440000 34.0318048518 108.758521176 587.238817
1453132493.800000 34.0319577372 108.758539097 586.867715
1453132495.400000 34.0321381496 108.758543877 586.917601
1453132497.480000 34.0323761413 108.758532055 586.983255
1453132499.160000 34.0325715702 108.758530911 586.572289
1453132500.600000 34.0327399775 108.758529892 586.359436
1453132501.880000 34.0328917672 108.758526414 586.298067
1453132503.080000 34.0330371402 108.758531818 586.100129
1453132504.040000 34.0331523492 108.7585402 585.963631
1453132505.240000 34.0332966157 108.758551702 585.792637
1453132506.280000 34.0334225511 108.758565458 585.819555
1453132507.240000 34.0335355329 108.758580777 585.865514
1453132508.440000 34.0336813527 108.758601256 585.971864
1453132509.640000 34.0338268472 108.758623931 585.910214
1453132510.600000 34.0339442538 108.758638997 585.919038
1453132511.480000 34.0340510447 108.758655936 585.953826
1453132512.760000 34.0342072162 108.758679937 585.948411
1453132513.720000 34.0343235382 108.758701785 586.016733
1453132514.840000 34.0344597268 108.75872815 586.047709
1453132516.040000 34.0346072357 108.758753714 586.099358
1453132517.480000 34.0347819924 108.758780801 586.090421
1453132518.760000 34.0349379305 108.758797135 586.117871
1453132520.200000 34.0351143293 108.758814334 586.01698
1453132521.560000 34.0352787344 108.758825947 585.877195
1453132522.760000 34.0354226906 108.758836697 585.87163
1453132524.200000 34.0355977972 108.75884368 585.837461
1453132525.480000 34.0357535336 108.758849298 585.752117
1453132526.920000 34.0359313246 108.758864777 585.725725
1453132528.280000 34.0360987563 108.758882955 585.83316
1453132529.560000 34.036251207 108.758903126 586.141777
1453132531.080000 34.036431806 108.758932723 586.330264
1453132532.200000 34.0365674095 108.758957615 586.532564
1453132533.640000 34.0367410764 108.758990201 586.838385
1453132535.000000 34.0369101374 108.759022191 587.108884
1453132536.200000 34.0370579552 108.759051336 587.22033
1453132537.640000 34.037239478 108.759088291 587.404035
1453132538.600000 34.0373577577 108.759113534 587.452203
1453132539.960000 34.0375242285 108.759150645 587.647676
1453132541.400000 34.0377027616 108.759188634 587.8829
1453132543.000000 34.037899916 108.759224892 588.15554
1453132544.440000 34.038076206 108.759244987 588.390773
1453132546.040000 34.0382733327 108.759260025 588.752063
1453132547.640000 34.0384658781 108.759270951 589.124562
1453132549.480000 34.038686709 108.759296186 589.435231
1453132551.000000 34.0388609603 108.75932921 589.971427
1453132552.520000 34.0389857721 108.759410791 590.450104
1453132554.040000 34.0390599716 108.759539411 590.709742
1453132555.560000 34.0391003737 108.759700686 591.062189
1453132556.760000 34.0391179354 108.759832983 591.307365
1453132557.640000 34.0391214118 108.759937664 591.413269
1453132558.360000 34.0391238193 108.760026297 591.410841
1453132559.800000 34.0391199251 108.760213648 591.166866
1453132560.520000 34.03911703 108.76031305 590.955746
1453132561.480000 34.0391124226 108.76045462 590.690064
1453132562.680000 34.0391003962 108.760636991 590.40415
1453132563.400000 34.0390915695 108.76074807 590.273076
1453132564.120000 34.039078975 108.760859014 590.184428
1453132564.760000 34.0390670543 108.760957024 590.112537
1453132565.640000 34.039043746 108.761089439 590.100335
1453132566.360000 34.0390128892 108.761187977 590.292404
1453132567.080000 34.0389704332 108.761272463 590.473316
1453132568.280000 34.0388735563 108.761386582 590.722663
1453132569.000000 34.0388065144 108.761442694 590.694029
1453132569.560000 34.0387477504 108.761482363 590.633914
1453132570.840000 34.0386047902 108.761564648 590.381962
1453132571.640000 34.0385098753 108.761612065 590.255578
1453132572.600000 34.0383928553 108.761664848 590.033296
1453132573.400000 34.0382902478 108.761702523 589.912033
1453132574.440000 34.0381529688 108.76174461 589.585494
1453132575.480000 34.0380106917 108.761778499 589.205172
1453132576.440000 34.0378749102 108.761805162 588.865909
1453132577.560000 34.037713976 108.761826628 588.527734
1453132578.600000 34.0375638477 108.761837247 588.301084
1453132579.640000 34.037411473 108.761837923 588.208074
1453132581.240000 34.037178919 108.761828405 587.936257
1453132582.760000 34.0369543297 108.761802353 587.688931
1453132583.480000 34.0368508097 108.761786414 587.694448
1453132584.200000 34.0367468939 108.761764866 587.632423
1453132585.160000 34.03660855 108.761736264 587.6643
1453132586.120000 34.036470252 108.761706679 587.644851
1453132587.000000 34.0363453331 108.761679077 587.5517
1453132587.640000 34.0362563905 108.761660704 587.53705
1453132588.760000 34.0360988881 108.761625622 587.264984
1453132589.560000 34.0359859095 108.761599874 587.135346
1453132590.360000 34.0358732763 108.761575127 586.959899
1453132591.160000 34.0357604013 108.761548783 586.821843
1453132592.280000 34.0356022753 108.761514772 586.740429
1453132593.080000 34.0354888138 108.761489312 586.818742
1453132593.880000 34.0353764564 108.761467597 586.828966
1453132594.920000 34.0352274075 108.761438849 586.79788
1453132595.640000 34.0351270403 108.761417696 586.719731
1453132596.600000 34.0349913275 108.761388915 586.620908
1453132597.560000 34.0348590079 108.761360778 586.463931
1453132598.440000 34.0347374439 108.761334275 586.393246
1453132599.720000 34.0345676357 108.761299714 586.309347
1453132600.920000 34.0344069672 108.761269098 586.382368
1453132601.960000 34.0342668526 108.761244527 586.492193
1453132602.760000 34.0341574292 108.761223964 586.675861
1453132603.480000 34.0340590009 108.761205035 586.799426
1453132604.520000 34.0339118191 108.761176571 586.977249
1453132605.320000 34.0337982313 108.761153953 587.040842
1453132606.680000 34.0336079276 108.761118797 587.196376
1453132608.040000 34.0334153644 108.761079923 587.294651
1453132608.920000 34.0332867414 108.761049001 587.299981
1453132609.720000 34.0331728463 108.761022008 587.361869
1453132611.400000 34.0329272472 108.760963946 587.726582
1453132612.280000 34.032799633 108.760935775 587.882314
1453132612.920000 34.0327113442 108.760915911 588.081182
1453132613.960000 34.0325670568 108.760886979 588.309896
1453132614.600000 34.0324796195 108.760869766 588.393739
1453132615.480000 34.0323590683 108.760846056 588.439708
1453132616.040000 34.0322820015 108.760830019 588.453803
1453132616.600000 34.0322053418 108.760815083 588.505255
1453132617.400000 34.0320965006 108.760795541 588.426377
1453132618.200000 34.0319830991 108.760774491 588.597236
1453132618.920000 34.031881518 108.760754673 588.676027
1453132619.720000 34.0317710489 108.760735972 588.75964
1453132620.360000 34.0316807538 108.760719151 588.871865
1453132621.480000 34.0315223517 108.760688176 589.191032
1453132621.960000 34.0314548006 108.760673587 589.260449
1453132622.440000 34.0313867117 108.760659238 589.376337
1453132623.000000 34.031309571 108.760643443 589.471165
1453132623.480000 34.0312422771 108.760628312 589.559412
1453132624.120000 34.0311534301 108.760609426 589.745744
1453132624.600000 34.0310866878 108.760595286 589.917293
1453132625.160000 34.0310083341 108.760578058 590.046525
1453132625.800000 34.0309192238 108.760560098 590.238272
1453132626.680000 34.0307998615 108.760548145 590.552497
1453132627.320000 34.0307131853 108.760550145 590.73988
1453132627.880000 34.0306405249 108.760558583 590.802221
1453132628.440000 34.0305677805 108.760574116 590.948185
1453132629.320000 34.0304604426 108.760613609 591.160348
1453132629.880000 34.0303932067 108.760647807 591.224414
1453132630.520000 34.0303186776 108.76069019 591.186499
1453132631.080000 34.0302543131 108.760731506 591.230105
1453132631.720000 34.0301843213 108.760787579 591.410321
1453132632.760000 34.030076941 108.760886984 591.88872
1453132633.960000 34.0299691047 108.761019179 592.334371
1453132634.600000 34.0299178363 108.761093752 592.577626
1453132635.560000 34.0298522638 108.761205746 592.855193
1453132636.440000 34.0297991091 108.761311014 593.027258
1453132637.640000 34.0297428675 108.761462031 593.125556
1453132638.520000 34.0297064301 108.761576577 593.209296
1453132639.800000 34.029666496 108.761747544 593.095772
1453132640.760000 34.0296442714 108.76187779 593.028005
1453132641.560000 34.0296367301 108.761986387 592.890239
1453132642.760000 34.0296520422 108.762145762 592.758792
1453132643.880000 34.0296898093 108.762284047 592.789884
1453132644.680000 34.0297290634 108.762372093 592.866661
1453132645.720000 34.0297987723 108.762468406 592.880787
1453132647.240000 34.0299210193 108.762580614 592.616816
1453132648.520000 34.0300389889 108.762656386 592.118594
1453132649.480000 34.0301371985 108.762702672 591.658315
1453132650.680000 34.0302646948 108.762749947 591.055559
1453132651.960000 34.0304079046 108.762794462 590.401719
1453132652.840000 34.0305102931 108.762822019 590.130332
1453132654.120000 34.0306600166 108.762859465 589.797048
1453132655.160000 34.0307819021 108.762888364 589.552981
1453132656.520000 34.0309457956 108.762923921 589.222745
1453132658.280000 34.031163208 108.762967996 588.935908
1453132660.280000 34.0314130947 108.763016289 588.814648
1453132662.440000 34.0316853624 108.763061658 588.51458
1453132664.040000 34.0318974858 108.763100908 588.391459
1453132665.560000 34.0321022897 108.763144688 588.456306
1453132666.680000 34.0322548657 108.763179218 588.386952
1453132667.560000 34.0323733893 108.763208683 588.381051
1453132668.760000 34.032537794 108.763253966 588.156495
1453132669.960000 34.0326990292 108.763306629 587.974811
1453132671.080000 34.0328478796 108.763351895 587.564699
1453132672.200000 34.0329962747 108.763397582 587.27586
1453132673.240000 34.033133813 108.763442786 587.1178
1453132674.120000 34.0332477165 108.7634795 587.078444
1453132675.080000 34.0333733365 108.763518142 587.067817
1453132675.880000 34.033474292 108.76354779 587.014563
1453132676.840000 34.0335979004 108.763587062 587.064271
1453132677.800000 34.0337218671 108.763623136 587.119101
1453132678.840000 34.0338575035 108.763661312 587.169886
1453132679.800000 34.0339815294 108.763695387 587.258619
1453132680.920000 34.0341277776 108.763738327 587.365302
1453132681.880000 34.0342521658 108.763775872 587.480196
1453132682.920000 34.0343895758 108.763814054 587.649776
1453132684.040000 34.0345362177 108.763854436 587.725039
1453132685.480000 34.0347242414 108.763907021 587.933629
1453132687.080000 34.0349316197 108.76396655 587.871354
1453132688.600000 34.0351252386 108.764026438 587.810001
1453132689.400000 34.0352290892 108.764055364 587.839782
1453132690.600000 34.0353811695 108.764100199 587.848739
1453132691.560000 34.0355024762 108.764132984 587.864492
1453132692.760000 34.0356569908 108.764174322 587.886944
1453132693.960000 34.0358143432 108.764215383 587.949608
1453132694.840000 34.0359267002 108.764242193 588.029014
1453132695.720000 34.0360410252 108.764267369 588.048267
1453132696.920000 34.0361951819 108.764296634 588.129448
1453132698.040000 34.0363431195 108.764321844 588.204157
1453132699.000000 34.0364693497 108.764342724 588.280034
1453132699.960000 34.03660018 108.764363952 588.345348
1453132700.840000 34.0367182938 108.764379366 588.410654
1453132701.960000 34.0368682525 108.764394684 588.581927
1453132703.000000 34.0370072887 108.764400771 588.64136
1453132704.200000 34.0371662344 108.764398513 588.702988
1453132705.160000 34.0372919995 108.764394795 588.730568
1453132706.040000 34.0374074695 108.764388378 588.751167
1453132706.920000 34.0375225911 108.764380733 588.737087
1453132708.120000 34.0376809561 108.764369484 588.76224
1453132708.680000 34.0377560919 108.76436403 588.803805
1453132709.320000 34.0378410405 108.764357218 588.821579
1453132709.880000 34.037911033 108.764353037 588.87382
1453132710.840000 34.0380361802 108.764350065 589.063985
1453132711.560000 34.0381270338 108.764347574 589.24803
1453132712.520000 34.0382490733 108.764344494 589.737139
1453132713.560000 34.0383873566 108.764341544 590.086949
1453132714.280000 34.0384799819 108.764342567 590.337197
1453132714.920000 34.0385633525 108.764342125 590.595235
1453132716.200000 34.0387023543 108.76431843 591.343602
1453132717.560000 34.0388034683 108.764261519 592.276661
1453132718.760000 34.0388481436 108.76419357 593.217789
1453132720.040000 34.0388453728 108.764120466 593.608376
1453132721.480000 34.0387965968 108.76405077 593.495832
1453132722.760000 34.0387215558 108.763984202 593.384447
1453132724.120000 34.0386223946 108.763915187 593.181315
1453132725.640000 34.0384889676 108.763840734 592.732739
1453132727.000000 34.038356971 108.763768573 592.158659
1453132728.840000 34.0381582509 108.763666956 591.256215
1453132730.680000 34.0379379762 108.76355881 590.417735
1453132732.680000 34.0376827517 108.763427198 589.567964
1453132734.920000 34.0373786836 108.763262959 589.110271
1453132736.920000 34.0371134653 108.763099955 588.737242
1453132739.400000 34.0367922159 108.762881572 588.566922
1453132741.720000 34.0365118305 108.762663693 588.083486
1453132744.200000 34.0362123272 108.762425827 587.813055
1453132746.600000 34.0359141378 108.7622034 587.577372
1453132749.000000 34.0356175748 108.761984844 587.420929
1453132751.400000 34.0353327432 108.76176375 586.746404
1453132753.800000 34.0350460559 108.761536657 586.289682
1453132755.880000 34.0347956028 108.761340614 586.08476
1453132757.480000 34.0345957882 108.761194911 586.127508
1453132759.080000 34.0343933532 108.761053551 586.010141
1453132761.000000 34.0341446459 108.760883544 586.08831
1453132762.600000 34.0339341085 108.760747155 586.030646
1453132764.440000 34.0336933352 108.760590577 586.136882
1453132766.600000 34.0334164748 108.760407162 586.361289
1453132769.000000 34.0331135751 108.760207847 586.762843
1453132770.680000 34.0329082493 108.760071229 586.698052
1453132772.200000 34.0327217602 108.75994544 586.737188
1453132773.880000 34.0325160574 108.75980373 587.234489
1453132776.040000 34.032245232 108.759614977 587.970368
1453132778.440000 34.0319301865 108.759418921 588.35016
